1000 5
11
6
30
22
31
18
21
14
26
7
30
13
6
9
4
3
14
5
5
26
25
6
22
16
15
1
14
4
12
29
16
13
12
12
26
5
0
0
26
1
6
28
3
24
10
23
25
7
24
24
22
8
12
19
22
6
19
16
6
28
24
25
22
9
10
4
11
8
25
15
20
0
14
13
8
21
7
3
24
3
7
23
6
23
30
30
2
31
4
11
23
10
24
24
5
16
26
15
4
20
0
15
9
7
27
2
28
8
20
28
29
8
29
10
15
23
14
23
25
6
22
28
4
19
0
24
19
14
9
7
12
5
14
6
11
17
21
31
12
30
25
14
30
22
18
2
2
0
4
17
26
7
10
8
7
10
31
30
27
22
28
24
6
8
24
1
12
15
15
3
3
30
23
5
8
20
6
10
28
30
29
22
5
4
28
13
25
19
2
15
23
7
0
20
29
16
30
1
16
27
5
30
14
2
16
25
7
5
28
17
0
23
21
5
29
21
0
23
10
8
21
25
9
14
17
12
1
5
4
16
2
2
27
12
27
21
2
19
7
11
5
14
17
1
6
26
9
27
10
5
23
28
22
4
23
6
12
23
7
1
14
10
9
14
23
4
24
16
1
21
18
2
3
26
22
11
3
19
8
14
14
21
11
14
2
20
16
11
3
4
1
30
2
21
4
14
5
16
8
15
2
1
7
29
29
6
30
4
0
25
29
12
10
9
5
30
12
12
10
23
18
30
5
18
15
8
31
21
25
13
25
22
31
0
3
13
5
25
11
25
14
14
11
28
24
12
8
29
16
8
30
11
26
19
19
19
31
31
21
7
14
17
2
16
7
19
13
19
19
10
16
6
5
18
15
17
28
26
12
20
25
0
30
30
6
7
21
1
31
28
23
17
28
14
6
6
6
0
26
1
31
21
21
1
30
18
9
29
11
25
22
3
25
7
27
17
11
25
4
24
19
6
6
0
4
7
8
11
31
17
18
7
17
4
25
17
19
21
16
7
13
20
18
1
8
9
12
20
24
10
31
26
16
12
19
14
19
22
7
4
10
2
23
11
11
16
30
17
4
23
21
20
30
1
1
15
12
9
18
31
25
24
21
15
26
4
30
2
7
31
15
23
21
17
2
11
30
15
6
18
5
30
29
14
16
19
27
1
15
5
16
22
8
17
24
5
25
20
22
5
28
25
19
8
5
26
31
19
8
9
13
10
8
24
11
4
29
28
11
3
5
25
5
13
4
6
3
10
2
27
5
17
30
4
19
2
15
9
29
11
8
9
30
7
0
11
28
26
31
16
13
13
12
22
7
21
5
24
5
19
29
3
1
9
16
11
2
25
8
16
31
9
8
4
31
23
18
20
2
25
16
0
11
9
1
27
4
8
30
20
25
29
30
6
1
30
3
17
23
25
9
11
14
8
27
2
30
15
12
8
24
4
22
20
10
7
26
16
15
1
20
8
24
30
27
23
5
31
2
27
18
24
10
8
27
5
24
11
14
25
2
22
10
24
10
7
6
27
11
31
23
29
19
13
29
12
18
3
25
6
0
2
28
18
16
30
13
25
14
1
18
26
19
1
18
23
19
22
22
6
19
7
10
1
24
16
1
4
10
15
12
3
21
13
6
19
8
11
3
27
20
10
6
15
12
29
1
16
21
15
22
31
26
17
8
15
12
21
9
16
20
21
17
3
22
21
21
22
6
0
11
6
20
7
22
25
18
26
15
23
5
8
5
6
4
0
20
1
3
2
4
9
12
21
24
28
4
7
8
7
9
24
30
2
14
5
14
21
21
19
31
14
25
13
12
16
8
18
31
26
29
17
10
8
24
5
2
13
0
4
28
5
28
19
25
28
18
3
2
4
18
0
14
0
18
20
13
1
7
25
5
9
28
3
3
18
22
16
9
0
19
21
23
25
7
15
10
10
9
9
6
4
10
27
8
30
1
27
2
6
31
27
3
22
23
27
8
6
6
18
22
17
0
23
25
31
7
26
18
30
31
12
27
28
2
25
6
6
29
26
22
2
8
20
30
0
11
28
24
29
0
25
2
28
17
16
6
12
21
16
21
29
7
17
0
23
30
11
14
14
30
23
4
3
31
15
23
28
19
31
31
15
17
4
19
24
28
29
8
27
17
18
3
15
25
13
19
13
3
19
30
28
28
27
1
23
25
1
10
15
16
24
0
26
18
7
9
2
12
3
17
26
19
15
0
18
16
18
2
0
23
29
22
31
28
7
13
5
18
18
15
5
29
2
3
12
8
13
4
30
